0.33333 -0.66667 1.3333 -2.6667 5.3333 -10.667 21.333 -42.667 85.333 -170.67 341.33 -682.67 1365.3 -2730.7 5461.3 -10923 21845 -43691 87381 -1.7476e+05 3.4952e+05 -6.9905e+05 1.3981e+06 -2.7962e+06 5.5923e+06 -1.1184e+07 2.2368e+07 -4.4735e+07 8.9467e+07 -1.7892e+08 3.5781e+08 -7.155e+08 1.4307e+09 -2.8604e+09 5.7179e+09 -1.1427e+10 2.2828e+10 -4.5578e+10 9.092e+10 -1.8113e+11 3.6015e+11 -7.1394e+11 1.4088e+12 -2.7604e+12 5.3492e+12 -1.0184e+13 1.8823e+13 -3.3012e+13 5.2125e+13 -6.255e+13
-0.11111 0.55556 -1.1111 2.2222 -4.4444 8.8889 -17.778 35.556 -71.111 142.22 -284.44 568.89 -1137.8 2275.6 -4551.1 9102.2 -18204 36409 -72818 1.4564e+05 -2.9127e+05 5.8254e+05 -1.1651e+06 2.3301e+06 -4.6602e+06 9.3203e+06 -1.864e+07 3.7279e+07 -7.4555e+07 1.491e+08 -2.9817e+08 5.9625e+08 -1.1922e+09 2.3837e+09 -4.7649e+09 9.5226e+09 -1.9023e+10 3.7981e+10 -7.5766e+10 1.5094e+11 -3.0012e+11 5.9495e+11 -1.174e+12 2.3004e+12 -4.4577e+12 8.4864e+12 -1.5686e+13 2.751e+13 -4.3437e+13 5.2125e+13
0.037037 -0.18519 0.7037 -1.4074 2.8148 -5.6296 11.259 -22.519 45.037 -90.074 180.15 -360.3 720.59 -1441.2 2882.4 -5764.7 11529 -23059 46118 -92236 1.8447e+05 -3.6894e+05 7.3788e+05 -1.4757e+06 2.9515e+06 -5.9029e+06 1.1805e+07 -2.361e+07 4.7218e+07 -9.4431e+07 1.8884e+08 -3.7763e+08 7.5508e+08 -1.5097e+09 3.0178e+09 -6.031e+09 1.2048e+10 -2.4055e+10 4.7985e+10 -9.5598e+10 1.9008e+11 -3.768e+11 7.4354e+11 -1.4569e+12 2.8232e+12 -5.3747e+12 9.9343e+12 -1.7423e+13 2.751e+13 -3.3012e+13
-0.012346 0.061728 -0.23457 0.80247 -1.6049 3.2099 -6.4198 12.84 -25.679 51.358 -102.72 205.43 -410.86 821.73 -1643.5 3286.9 -6573.8 13148 -26295 52590 -1.0518e+05 2.1036e+05 -4.2072e+05 8.4144e+05 -1.6829e+06 3.3657e+06 -6.7312e+06 1.3462e+07 -2.6923e+07 5.3842e+07 -1.0767e+08 2.1531e+08 -4.3053e+08 8.6077e+08 -1.7207e+09 3.4387e+09 -6.8695e+09 1.3715e+10 -2.736e+10 5.4508e+10 -1.0838e+11 2.1484e+11 -4.2395e+11 8.3068e+11 -1.6097e+12 3.0645e+12 -5.6643e+12 9.9343e+12 -1.5686e+13 1.8823e+13
0.0041152 -0.020576 0.078189 -0.26749 0.86831 -1.7366 3.4733 -6.9465 13.893 -27.786 55.572 -111.14 222.29 -444.58 889.15 -1778.3 3556.6 -7113.2 14226 -28453 56905 -1.1381e+05 2.2762e+05 -4.5524e+05 9.1047e+05 -1.8209e+06 3.6418e+06 -7.2833e+06 1.4566e+07 -2.913e+07 5.8254e+07 -1.1649e+08 2.3293e+08 -4.657e+08 9.3092e+08 -1.8604e+09 3.7166e+09 -7.4204e+09 1.4803e+10 -2.949e+10 5.8635e+10 -1.1624e+11 2.2937e+11 -4.4942e+11 8.709e+11 -1.658e+12 3.0645e+12 -5.3747e+12 8.4864e+12 -1.0184e+13
-0.0013717 0.0068587 -0.026063 0.089163 -0.28944 0.91221 -1.8244 3.6488 -7.2977 14.595 -29.191 58.381 -116.76 233.53 -467.05 934.1 -1868.2 3736.4 -7472.8 14946 -29891 59782 -1.1956e+05 2.3913e+05 -4.7825e+05 9.5648e+05 -1.9129e+06 3.8257e+06 -7.6511e+06 1.5301e+07 -3.0599e+07 6.119e+07 -1.2235e+08 2.4462e+08 -4.8899e+08 9.7724e+08 -1.9522e+09 3.8978e+09 -7.7754e+09 1.549e+10 -3.08e+10 6.1056e+10 -1.2048e+11 2.3607e+11 -4.5747e+11 8.709e+11 -1.6097e+12 2.8232e+12 -4.4577e+12 5.3492e+12
0.00045725 -0.0022862 0.0086877 -0.029721 0.096479 -0.30407 0.94147 -1.8829 3.7659 -7.5318 15.064 -30.127 60.254 -120.51 241.02 -482.03 964.07 -1928.1 3856.3 -7712.5 15425 -30850 61700 -1.234e+05 2.4679e+05 -4.9358e+05 9.8715e+05 -1.9742e+06 3.9483e+06 -7.8961e+06 1.5791e+07 -3.1576e+07 6.3138e+07 -1.2623e+08 2.5234e+08 -5.0429e+08 1.0074e+09 -2.0114e+09 4.0124e+09 -7.9937e+09 1.5894e+10 -3.1507e+10 6.2173e+10 -1.2182e+11 2.3607e+11 -4.4942e+11 8.3068e+11 -1.4569e+12 2.3004e+12 -2.7604e+12
-0.00015242 0.00076208 -0.0028959 0.009907 -0.03216 0.10136 -0.31382 0.96098 -1.922 3.8439 -7.6879 15.376 -30.751 61.503 -123.01 246.01 -492.02 984.04 -1968.1 3936.2 -7872.3 15745 -31489 62978 -1.2595e+05 2.5191e+05 -5.038e+05 1.0076e+06 -2.0151e+06 4.0298e+06 -8.0589e+06 1.6115e+07 -3.2223e+07 6.4425e+07 -1.2878e+08 2.5737e+08 -5.1416e+08 1.0265e+09 -2.0478e+09 4.0797e+09 -8.1116e+09 1.608e+10 -3.1731e+10 6.2173e+10 -1.2048e+11 2.2937e+11 -4.2395e+11 7.4354e+11 -1.174e+12 1.4088e+12
5.0805e-05 -0.00025403 0.0009653 -0.0033023 0.01072 -0.033785 0.10461 -0.32033 0.97399 -1.948 3.896 -7.7919 15.584 -31.168 62.335 -124.67 249.34 -498.68 997.36 -1994.7 3989.4 -7978.8 15958 -31915 63830 -1.2766e+05 2.5531e+05 -5.106e+05 1.0212e+06 -2.0422e+06 4.084e+06 -8.1667e+06 1.633e+07 -3.2648e+07 6.5264e+07 -1.3043e+08 2.6056e+08 -5.2022e+08 1.0378e+09 -2.0674e+09 4.1107e+09 -8.1489e+09 1.608e+10 -3.1507e+10 6.1056e+10 -1.1624e+11 2.1484e+11 -3.768e+11 5.9495e+11 -7.1394e+11
-1.6935e-05 8.4675e-05 -0.00032177 0.0011008 -0.0035733 0.011262 -0.034869 0.10678 -0.32466 0.98266 -1.9653 3.9306 -7.8613 15.723 -31.445 62.89 -125.78 251.56 -503.12 1006.2 -2012.5 4024.9 -8049.8 16100 -32199 64397 -1.2879e+05 2.5758e+05 -5.1513e+05 1.0302e+06 -2.0602e+06 4.1197e+06 -8.2376e+06 1.647e+07 -3.2922e+07 6.5794e+07 -1.3144e+08 2.6243e+08 -5.2349e+08 1.0429e+09 -2.0736e+09 4.1107e+09 -8.1116e+09 1.5894e+10 -3.08e+10 5.8635e+10 -1.0838e+11 1.9008e+11 -3.0012e+11 3.6015e+11
5.645e-06 -2.8225e-05 0.00010726 -0.00036693 0.0011911 -0.0037539 0.011623 -0.035592 0.10822 -0.32755 0.98844 -1.9769 3.9538 -7.9075 15.815 -31.63 63.26 -126.52 253.04 -506.08 1012.2 -2024.3 4048.6 -8097.1 16194 -32388 64774 -1.2955e+05 2.5908e+05 -5.1812e+05 1.0361e+06 -2.072e+06 4.143e+06 -8.2832e+06 1.6558e+07 -3.3091e+07 6.6106e+07 -1.3198e+08 2.6329e+08 -5.2453e+08 1.0429e+09 -2.0674e+09 4.0797e+09 -7.9937e+09 1.549e+10 -2.949e+10 5.4508e+10 -9.5598e+10 1.5094e+11 -1.8113e+11
-1.8817e-06 9.4084e-06 -3.5752e-05 0.00012231 -0.00039703 0.0012513 -0.0038744 0.011864 -0.036074 0.10918 -0.32948 0.99229 -1.9846 3.9692 -7.9383 15.877 -31.753 63.507 -127.01 254.03 -508.05 1016.1 -2032.2 4064.4 -8128.6 16257 -32514 65025 -1.3004e+05 2.6007e+05 -5.2009e+05 1.04e+06 -2.0796e+06 4.1578e+06 -8.3113e+06 1.661e+07 -3.3182e+07 6.6249e+07 -1.3216e+08 2.6329e+08 -5.2349e+08 1.0378e+09 -2.0478e+09 4.0124e+09 -7.7754e+09 1.4803e+10 -2.736e+10 4.7985e+10 -7.5766e+10 9.092e+10
6.2723e-07 -3.1361e-06 1.1917e-05 -4.077e-05 0.00013234 -0.0004171 0.0012915 -0.0039547 0.012025 -0.036395 0.10983 -0.33076 0.99486 -1.9897 3.9794 -7.9589 15.918 -31.836 63.671 -127.34 254.68 -509.37 1018.7 -2037.4 4074.8 -8149.6 16299 -32597 65191 -1.3037e+05 2.6072e+05 -5.2136e+05 1.0425e+06 -2.0843e+06 4.1664e+06 -8.3264e+06 1.6634e+07 -3.321e+07 6.6249e+07 -1.3198e+08 2.6243e+08 -5.2022e+08 1.0265e+09 -2.0114e+09 3.8978e+09 -7.4204e+09 1.3715e+10 -2.4055e+10 3.7981e+10 -4.5578e+10
-2.0908e-07 1.0454e-06 -3.9724e-06 1.359e-05 -4.4115e-05 0.00013903 -0.00043049 0.0013182 -0.0040082 0.012132 -0.036609 0.11025 -0.33162 0.99657 -1.9931 3.9863 -7.9726 15.945 -31.89 63.781 -127.56 255.12 -510.24 1020.5 -2040.9 4081.8 -8163.5 16326 -32651 65298 -1.3058e+05 2.6113e+05 -5.2214e+05 1.0439e+06 -2.0868e+06 4.1704e+06 -8.3312e+06 1.6634e+07 -3.3182e+07 6.6106e+07 -1.3144e+08 2.6056e+08 -5.1416e+08 1.0074e+09 -1.9522e+09 3.7166e+09 -6.8695e+09 1.2048e+10 -1.9023e+10 2.2828e+10
6.9692e-08 -3.4846e-07 1.3241e-06 -4.53e-06 1.4705e-05 -4.6345e-05 0.0001435 -0.00043941 0.0013361 -0.0040439 0.012203 -0.036752 0.11054 -0.33219 0.99772 -1.9954 3.9909 -7.9817 15.963 -31.927 63.854 -127.71 255.41 -510.82 1021.6 -2043.2 4086.4 -8172.6 16344 -32687 65367 -1.3071e+05 2.6137e+05 -5.2256e+05 1.0446e+06 -2.0876e+06 4.1704e+06 -8.3264e+06 1.661e+07 -3.3091e+07 6.5794e+07 -1.3043e+08 2.5737e+08 -5.0429e+08 9.7724e+08 -1.8604e+09 3.4387e+09 -6.031e+09 9.5226e+09 -1.1427e+10
-2.3231e-08 1.1615e-07 -4.4138e-07 1.51e-06 -4.9016e-06 1.5448e-05 -4.7832e-05 0.00014647 -0.00044535 0.001348 -0.0040676 0.012251 -0.036847 0.11073 -0.33257 0.99848 -1.997 3.9939 -7.9878 15.976 -31.951 63.902 -127.8 255.61 -511.21 1022.4 -2044.8 4089.4 -8178.4 16356 -32708 65407 -1.3078e+05 2.6148e+05 -5.2269e+05 1.0446e+06 -2.0868e+06 4.1664e+06 -8.3113e+06 1.6558e+07 -3.2922e+07 6.5264e+07 -1.2878e+08 2.5234e+08 -4.8899e+08 9.3092e+08 -1.7207e+09 3.0178e+09 -4.7649e+09 5.7179e+09
7.7435e-09 -3.8718e-08 1.4713e-07 -5.0333e-07 1.6339e-06 -5.1494e-06 1.5944e-05 -4.8823e-05 0.00014845 -0.00044932 0.0013559 -0.0040835 0.012282 -0.03691 0.11086 -0.33283 0.99898 -1.998 3.9959 -7.9919 15.984 -31.967 63.934 -127.87 255.73 -511.46 1022.9 -2045.7 4091.3 -8182 16362 -32720 65425 -1.3081e+05 2.6148e+05 -5.2256e+05 1.0439e+06 -2.0843e+06 4.1578e+06 -8.2832e+06 1.647e+07 -3.2648e+07 6.4425e+07 -1.2623e+08 2.4462e+08 -4.657e+08 8.6077e+08 -1.5097e+09 2.3837e+09 -2.8604e+09
-2.5812e-09 1.2906e-08 -4.9042e-08 1.6778e-07 -5.4463e-07 1.7165e-06 -5.3146e-06 1.6274e-05 -4.9484e-05 0.00014977 -0.00045196 0.0013612 -0.0040941 0.012303 -0.036952 0.11094 -0.33299 0.99932 -1.9986 3.9973 -7.9945 15.989 -31.978 63.956 -127.91 255.82 -511.62 1023.2 -2046.3 4092.4 -8184 16366 -32724 65425 -1.3078e+05 2.6137e+05 -5.2214e+05 1.0425e+06 -2.0796e+06 4.143e+06 -8.2376e+06 1.633e+07 -3.2223e+07 6.3138e+07 -1.2235e+08 2.3293e+08 -4.3053e+08 7.5508e+08 -1.1922e+09 1.4307e+09
8.6039e-10 -4.3019e-09 1.6347e-08 -5.5925e-08 1.8154e-07 -5.7216e-07 1.7715e-06 -5.4248e-06 1.6495e-05 -4.9924e-05 0.00015065 -0.00045372 0.0013647 -0.0041011 0.012317 -0.036981 0.111 -0.33311 0.99955 -1.9991 3.9982 -7.9963 15.993 -31.985 63.969 -127.94 255.87 -511.72 1023.4 -2046.7 4092.9 -8184.6 16366 -32720 65407 -1.3071e+05 2.6113e+05 -5.2136e+05 1.04e+06 -2.072e+06 4.1197e+06 -8.1667e+06 1.6115e+07 -3.1576e+07 6.119e+07 -1.1649e+08 2.1531e+08 -3.7763e+08 5.9625e+08 -7.155e+08
-2.868e-10 1.434e-09 -5.4491e-09 1.8642e-08 -6.0514e-08 1.9072e-07 -5.9051e-07 1.8083e-06 -5.4982e-06 1.6641e-05 -5.0218e-05 0.00015124 -0.0004549 0.001367 -0.0041058 0.012327 -0.036999 0.11104 -0.33318 0.9997 -1.9994 3.9988 -7.9975 15.995 -31.99 63.978 -127.95 255.9 -511.78 1023.5 -2046.8 4092.9 -8184 16362 -32708 65367 -1.3058e+05 2.6072e+05 -5.2009e+05 1.0361e+06 -2.0602e+06 4.084e+06 -8.0589e+06 1.5791e+07 -3.0599e+07 5.8254e+07 -1.0767e+08 1.8884e+08 -2.9817e+08 3.5781e+08
9.5599e-11 -4.7799e-10 1.8164e-09 -6.2139e-09 2.0171e-08 -6.3573e-08 1.9684e-07 -6.0275e-07 1.8327e-06 -5.5471e-06 1.6739e-05 -5.0413e-05 0.00015163 -0.00045568 0.0013686 -0.0041089 0.012333 -0.037012 0.11106 -0.33323 0.99979 -1.9996 3.9992 -7.9983 15.996 -31.992 63.983 -127.96 255.91 -511.79 1023.5 -2046.7 4092.4 -8182 16356 -32687 65298 -1.3037e+05 2.6007e+05 -5.1812e+05 1.0302e+06 -2.0422e+06 4.0298e+06 -7.8961e+06 1.5301e+07 -2.913e+07 5.3842e+07 -9.4431e+07 1.491e+08 -1.7892e+08
-3.1866e-11 1.5933e-10 -6.0546e-10 2.0713e-09 -6.7237e-09 2.1191e-08 -6.5612e-08 2.0092e-07 -6.1091e-07 1.849e-06 -5.5797e-06 1.6804e-05 -5.0544e-05 0.00015189 -0.0004562 0.0013696 -0.004111 0.012337 -0.03702 0.11108 -0.33326 0.99986 -1.9997 3.9994 -7.9987 15.997 -31.994 63.986 -127.97 255.91 -511.78 1023.4 -2046.3 4091.3 -8178.4 16344 -32651 65191 -1.3004e+05 2.5908e+05 -5.1513e+05 1.0212e+06 -2.0151e+06 3.9483e+06 -7.6511e+06 1.4566e+07 -2.6923e+07 4.7218e+07 -7.4555e+07 8.9467e+07
1.0622e-11 -5.311e-11 2.0182e-10 -6.9043e-10 2.2412e-09 -7.0636e-09 2.1871e-08 -6.6972e-08 2.0363e-07 -6.1634e-07 1.8599e-06 -5.6015e-06 1.6848e-05 -5.0631e-05 0.00015207 -0.00045655 0.0013703 -0.0041124 0.01234 -0.037025 0.11109 -0.33328 0.9999 -1.9998 3.9995 -7.999 15.998 -31.994 63.986 -127.96 255.9 -511.72 1023.2 -2045.7 4089.4 -8172.6 16326 -32597 65025 -1.2955e+05 2.5758e+05 -5.106e+05 1.0076e+06 -1.9742e+06 3.8257e+06 -7.2833e+06 1.3462e+07 -2.361e+07 3.7279e+07 -4.4735e+07
-3.5406e-12 1.7703e-11 -6.7272e-11 2.3014e-10 -7.4708e-10 2.3545e-09 -7.2902e-09 2.2324e-08 -6.7878e-08 2.0545e-07 -6.1996e-07 1.8671e-06 -5.6159e-06 1.6877e-05 -5.0688e-05 0.00015218 -0.00045678 0.0013708 -0.0041133 0.012342 -0.037029 0.11109 -0.3333 0.99992 -1.9998 3.9996 -7.999 15.998 -31.994 63.983 -127.95 255.87 -511.62 1022.9 -2044.8 4086.4 -8163.5 16299 -32514 64774 -1.2879e+05 2.5531e+05 -5.038e+05 9.8715e+05 -1.9129e+06 3.6418e+06 -6.7312e+06 1.1805e+07 -1.864e+07 2.2368e+07
1.1802e-12 -5.901e-12 2.2424e-11 -7.6713e-11 2.4902e-10 -7.8484e-10 2.43e-09 -7.4412e-09 2.2626e-08 -6.8481e-08 2.0665e-07 -6.2237e-07 1.872e-06 -5.6255e-06 1.6896e-05 -5.0727e-05 0.00015226 -0.00045693 0.0013711 -0.0041139 0.012343 -0.037031 0.1111 -0.3333 0.99993 -1.9998 3.9996 -7.999 15.997 -31.992 63.978 -127.94 255.82 -511.46 1022.4 -2043.2 4081.8 -8149.6 16257 -32388 64397 -1.2766e+05 2.5191e+05 -4.9358e+05 9.5648e+05 -1.8209e+06 3.3657e+06 -5.9029e+06 9.3203e+06 -1.1184e+07
-3.934e-13 1.967e-12 -7.4745e-12 2.5571e-11 -8.3007e-11 2.6161e-10 -8.1e-10 2.4804e-09 -7.5418e-09 2.2827e-08 -6.8883e-08 2.0746e-07 -6.2398e-07 1.8752e-06 -5.6319e-06 1.6909e-05 -5.0752e-05 0.00015231 -0.00045702 0.0013713 -0.0041142 0.012344 -0.037032 0.1111 -0.33331 0.99993 -1.9998 3.9995 -7.9987 15.996 -31.99 63.969 -127.91 255.73 -511.21 1021.6 -2040.9 4074.8 -8128.6 16194 -32199 63830 -1.2595e+05 2.4679e+05 -4.7825e+05 9.1047e+05 -1.6829e+06 2.9515e+06 -4.6602e+06 5.5923e+06
1.3113e-13 -6.5565e-13 2.4915e-12 -8.5234e-12 2.7668e-11 -8.7201e-11 2.7e-10 -8.2677e-10 2.5139e-09 -7.6088e-09 2.2961e-08 -6.915e-08 2.0799e-07 -6.2504e-07 1.8773e-06 -5.6361e-06 1.6917e-05 -5.0768e-05 0.00015234 -0.00045708 0.0013714 -0.0041144 0.012344 -0.037033 0.1111 -0.3333 0.99992 -1.9998 3.9994 -7.9983 15.995 -31.985 63.956 -127.87 255.61 -510.82 1020.5 -2037.4 4064.4 -8097.1 16100 -31915 62978 -1.234e+05 2.3913e+05 -4.5524e+05 8.4144e+05 -1.4757e+06 2.3301e+06 -2.7962e+06
-4.3709e-14 2.1854e-13 -8.3046e-13 2.8411e-12 -9.2225e-12 2.9066e-11 -8.9996e-11 2.7558e-10 -8.3794e-10 2.5362e-09 -7.6533e-09 2.3049e-08 -6.9327e-08 2.0834e-07 -6.2574e-07 1.8786e-06 -5.6388e-06 1.6922e-05 -5.0778e-05 0.00015236 -0.00045711 0.0013714 -0.0041145 0.012344 -0.037032 0.1111 -0.3333 0.9999 -1.9997 3.9992 -7.9975 15.993 -31.978 63.934 -127.8 255.41 -510.24 1018.7 -2032.2 4048.6 -8049.8 15958 -31489 61700 -1.1956e+05 2.2762e+05 -4.2072e+05 7.3788e+05 -1.1651e+06 1.3981e+06
1.4569e-14 -7.2844e-14 2.7681e-13 -9.4698e-13 3.074e-12 -9.6883e-12 2.9997e-11 -9.1857e-11 2.793e-10 -8.4536e-10 2.551e-09 -7.6828e-09 2.3108e-08 -6.9444e-08 2.0857e-07 -6.2619e-07 1.8795e-06 -5.6405e-06 1.6925e-05 -5.0783e-05 0.00015236 -0.00045713 0.0013714 -0.0041144 0.012344 -0.037031 0.11109 -0.33328 0.99986 -1.9996 3.9988 -7.9963 15.989 -31.967 63.902 -127.71 255.12 -509.37 1016.1 -2024.3 4024.9 -7978.8 15745 -30850 59782 -1.1381e+05 2.1036e+05 -3.6894e+05 5.8254e+05 -6.9905e+05
-4.856e-15 2.428e-14 -9.2263e-14 3.1564e-13 -1.0246e-12 3.2292e-12 -9.9984e-12 3.0617e-11 -9.3094e-11 2.8177e-10 -8.5027e-10 2.5608e-09 -7.7022e-09 2.3146e-08 -6.9519e-08 2.0872e-07 -6.2646e-07 1.88e-06 -5.6414e-06 1.6927e-05 -5.0785e-05 0.00015236 -0.00045711 0.0013714 -0.0041142 0.012343 -0.037029 0.11109 -0.33326 0.99979 -1.9994 3.9982 -7.9945 15.984 -31.951 63.854 -127.56 254.68 -508.05 1012.2 -2012.5 3989.4 -7872.3 15425 -29891 56905 -1.0518e+05 1.8447e+05 -2.9127e+05 3.4952e+05
1.6185e-15 -8.0925e-15 3.0751e-14 -1.052e-13 3.415e-13 -1.0763e-12 3.3325e-12 -1.0205e-11 3.1028e-11 -9.3913e-11 2.834e-10 -8.535e-10 2.5671e-09 -7.7147e-09 2.3171e-08 -6.9565e-08 2.088e-07 -6.2661e-07 1.8803e-06 -5.6416e-06 1.6927e-05 -5.0783e-05 0.00015236 -0.00045708 0.0013713 -0.0041139 0.012342 -0.037025 0.11108 -0.33323 0.9997 -1.9991 3.9973 -7.9919 15.976 -31.927 63.781 -127.34 254.03 -506.08 1006.2 -1994.7 3936.2 -7712.5 14946 -28453 52590 -92236 1.4564e+05 -1.7476e+05
-5.3942e-16 2.6971e-15 -1.0249e-14 3.5062e-14 -1.1382e-13 3.5871e-13 -1.1107e-12 3.401e-12 -1.0341e-11 3.13e-11 -9.4451e-11 2.8446e-10 -8.5558e-10 2.5712e-09 -7.7224e-09 2.3185e-08 -6.959e-08 2.0884e-07 -6.2666e-07 1.8803e-06 -5.6414e-06 1.6925e-05 -5.0778e-05 0.00015234 -0.00045702 0.0013711 -0.0041133 0.01234 -0.03702 0.11106 -0.33318 0.99955 -1.9986 3.9959 -7.9878 15.963 -31.89 63.671 -127.01 253.04 -503.12 997.36 -1968.1 3856.3 -7472.8 14226 -26295 46118 -72818 87381
1.7976e-16 -8.9882e-16 3.4155e-15 -1.1685e-14 3.793e-14 -1.1954e-13 3.7014e-13 -1.1334e-12 3.4463e-12 -1.0431e-11 3.1477e-11 -9.4798e-11 2.8513e-10 -8.5686e-10 2.5735e-09 -7.7265e-09 2.3191e-08 -6.9597e-08 2.0884e-07 -6.2661e-07 1.88e-06 -5.6405e-06 1.6922e-05 -5.0768e-05 0.00015231 -0.00045693 0.0013708 -0.0041124 0.012337 -0.037012 0.11104 -0.33311 0.99932 -1.998 3.9939 -7.9817 15.945 -31.836 63.507 -126.52 251.56 -498.68 984.04 -1928.1 3736.4 -7113.2 13148 -23059 36409 -43691
-5.9901e-17 2.9951e-16 -1.1381e-15 3.8936e-15 -1.2639e-14 3.9834e-14 -1.2334e-13 3.7768e-13 -1.1484e-12 3.4758e-12 -1.0489e-11 3.1589e-11 -9.5011e-11 2.8552e-10 -8.5756e-10 2.5746e-09 -7.7278e-09 2.3191e-08 -6.959e-08 2.088e-07 -6.2646e-07 1.8795e-06 -5.6388e-06 1.6917e-05 -5.0752e-05 0.00015226 -0.00045678 0.0013703 -0.004111 0.012333 -0.036999 0.111 -0.33299 0.99898 -1.997 3.9909 -7.9726 15.918 -31.753 63.26 -125.78 249.34 -492.02 964.07 -1868.2 3556.6 -6573.8 11529 -18204 21845
1.9957e-17 -9.9785e-17 3.7918e-16 -1.2972e-15 4.2109e-15 -1.3271e-14 4.1091e-14 -1.2583e-13 3.8259e-13 -1.158e-12 3.4944e-12 -1.0524e-11 3.1654e-11 -9.5127e-11 2.8571e-10 -8.5777e-10 2.5746e-09 -7.7265e-09 2.3185e-08 -6.9565e-08 2.0872e-07 -6.2619e-07 1.8786e-06 -5.6361e-06 1.6909e-05 -5.0727e-05 0.00015218 -0.00045655 0.0013696 -0.0041089 0.012327 -0.036981 0.11094 -0.33283 0.99848 -1.9954 3.9863 -7.9589 15.877 -31.63 62.89 -124.67 246.01 -482.03 934.1 -1778.3 3286.9 -5764.7 9102.2 -10923
-6.6472e-18 3.3236e-17 -1.263e-16 4.3207e-16 -1.4026e-15 4.4204e-15 -1.3687e-14 4.1911e-14 -1.2743e-13 3.8571e-13 -1.1639e-12 3.5054e-12 -1.0543e-11 3.1685e-11 -9.5163e-11 2.8571e-10 -8.5756e-10 2.5735e-09 -7.7224e-09 2.3171e-08 -6.9519e-08 2.0857e-07 -6.2574e-07 1.8773e-06 -5.6319e-06 1.6896e-05 -5.0688e-05 0.00015207 -0.0004562 0.0013686 -0.0041058 0.012317 -0.036952 0.11086 -0.33257 0.99772 -1.9931 3.9794 -7.9383 15.815 -31.445 62.335 -123.01 241.02 -467.05 889.15 -1643.5 2882.4 -4551.1 5461.3
2.2132e-18 -1.1066e-17 4.2051e-17 -1.4386e-16 4.6699e-16 -1.4718e-15 4.557e-15 -1.3954e-14 4.243e-14 -1.2842e-13 3.8753e-13 -1.1671e-12 3.5104e-12 -1.0549e-11 3.1685e-11 -9.5127e-11 2.8552e-10 -8.5686e-10 2.5712e-09 -7.7147e-09 2.3146e-08 -6.9444e-08 2.0834e-07 -6.2504e-07 1.8752e-06 -5.6255e-06 1.6877e-05 -5.0631e-05 0.00015189 -0.00045568 0.001367 -0.0041011 0.012303 -0.03691 0.11073 -0.33219 0.99657 -1.9897 3.9692 -7.9075 15.723 -31.168 61.503 -120.51 233.53 -444.58 821.73 -1441.2 2275.6 -2730.7
-7.3647e-19 3.6824e-18 -1.3993e-17 4.7871e-17 -1.554e-16 4.8975e-16 -1.5164e-15 4.6434e-15 -1.4119e-14 4.2734e-14 -1.2896e-13 3.8837e-13 -1.1681e-12 3.5104e-12 -1.0543e-11 3.1654e-11 -9.5011e-11 2.8513e-10 -8.5558e-10 2.5671e-09 -7.7022e-09 2.3108e-08 -6.9327e-08 2.0799e-07 -6.2398e-07 1.872e-06 -5.6159e-06 1.6848e-05 -5.0544e-05 0.00015163 -0.0004549 0.0013647 -0.0040941 0.012282 -0.036847 0.11054 -0.33162 0.99486 -1.9846 3.9538 -7.8613 15.584 -30.751 60.254 -116.76 222.29 -410.86 720.59 -1137.8 1365.3
2.4486e-19 -1.2243e-18 4.6523e-18 -1.5916e-17 5.1665e-17 -1.6283e-16 5.0416e-16 -1.5438e-15 4.6941e-15 -1.4208e-14 4.2874e-14 -1.2912e-13 3.8837e-13 -1.1671e-12 3.5054e-12 -1.0524e-11 3.1589e-11 -9.4798e-11 2.8446e-10 -8.535e-10 2.5608e-09 -7.6828e-09 2.3049e-08 -6.915e-08 2.0746e-07 -6.2237e-07 1.8671e-06 -5.6015e-06 1.6804e-05 -5.0413e-05 0.00015124 -0.00045372 0.0013612 -0.0040835 0.012251 -0.036752 0.11025 -0.33076 0.99229 -1.9769 3.9306 -7.7919 15.376 -30.127 58.381 -111.14 205.43 -360.3 568.89 -682.67
-8.1302e-20 4.0651e-19 -1.5447e-18 5.2846e-18 -1.7155e-17 5.4066e-17 -1.674e-16 5.1261e-16 -1.5586e-15 4.7175e-15 -1.4236e-14 4.2874e-14 -1.2896e-13 3.8753e-13 -1.1639e-12 3.4944e-12 -1.0489e-11 3.1477e-11 -9.4451e-11 2.834e-10 -8.5027e-10 2.551e-09 -7.6533e-09 2.2961e-08 -6.8883e-08 2.0665e-07 -6.1996e-07 1.8599e-06 -5.5797e-06 1.6739e-05 -5.0218e-05 0.00015065 -0.00045196 0.0013559 -0.0040676 0.012203 -0.036609 0.10983 -0.32948 0.98844 -1.9653 3.896 -7.6879 15.064 -29.191 55.572 -102.72 180.15 -284.44 341.33
2.6942e-20 -1.3471e-19 5.119e-19 -1.7512e-18 5.6848e-18 -1.7916e-17 5.5474e-17 -1.6987e-16 5.1651e-16 -1.5633e-15 4.7175e-15 -1.4208e-14 4.2734e-14 -1.2842e-13 3.8571e-13 -1.158e-12 3.4758e-12 -1.0431e-11 3.13e-11 -9.3913e-11 2.8177e-10 -8.4536e-10 2.5362e-09 -7.6088e-09 2.2827e-08 -6.8481e-08 2.0545e-07 -6.1634e-07 1.849e-06 -5.5471e-06 1.6641e-05 -4.9924e-05 0.00014977 -0.00044932 0.001348 -0.0040439 0.012132 -0.036395 0.10918 -0.32755 0.98266 -1.948 3.8439 -7.5318 14.595 -27.786 51.358 -90.074 142.22 -170.67
-8.9015e-21 4.4507e-20 -1.6913e-19 5.7859e-19 -1.8782e-18 5.9195e-18 -1.8328e-17 5.6124e-17 -1.7065e-16 5.1651e-16 -1.5586e-15 4.6941e-15 -1.4119e-14 4.243e-14 -1.2743e-13 3.8259e-13 -1.1484e-12 3.4463e-12 -1.0341e-11 3.1028e-11 -9.3094e-11 2.793e-10 -8.3794e-10 2.5139e-09 -7.5418e-09 2.2626e-08 -6.7878e-08 2.0363e-07 -6.1091e-07 1.8327e-06 -5.4982e-06 1.6495e-05 -4.9484e-05 0.00014845 -0.00044535 0.0013361 -0.0040082 0.012025 -0.036074 0.10822 -0.32466 0.97399 -1.922 3.7659 -7.2977 13.893 -25.679 45.037 -71.111 85.333
2.9275e-21 -1.4638e-20 5.5623e-20 -1.9029e-19 6.1771e-19 -1.9468e-18 6.0278e-18 -1.8458e-17 5.6124e-17 -1.6987e-16 5.1261e-16 -1.5438e-15 4.6434e-15 -1.3954e-14 4.1911e-14 -1.2583e-13 3.7768e-13 -1.1334e-12 3.401e-12 -1.0205e-11 3.0617e-11 -9.1857e-11 2.7558e-10 -8.2677e-10 2.4804e-09 -7.4412e-09 2.2324e-08 -6.6972e-08 2.0092e-07 -6.0275e-07 1.8083e-06 -5.4248e-06 1.6274e-05 -4.8823e-05 0.00014647 -0.00043941 0.0013182 -0.0039547 0.011864 -0.035592 0.10678 -0.32033 0.96098 -1.8829 3.6488 -6.9465 12.84 -22.519 35.556 -42.667
-9.5603e-22 4.7802e-21 -1.8165e-20 6.2142e-20 -2.0172e-19 6.3576e-19 -1.9685e-18 6.0278e-18 -1.8328e-17 5.5474e-17 -1.674e-16 5.0416e-16 -1.5164e-15 4.557e-15 -1.3687e-14 4.1091e-14 -1.2334e-13 3.7014e-13 -1.1107e-12 3.3325e-12 -9.9984e-12 2.9997e-11 -8.9996e-11 2.7e-10 -8.1e-10 2.43e-09 -7.2902e-09 2.1871e-08 -6.5612e-08 1.9684e-07 -5.9051e-07 1.7715e-06 -5.3146e-06 1.5944e-05 -4.7832e-05 0.0001435 -0.00043049 0.0012915 -0.0038744 0.011623 -0.034869 0.10461 -0.31382 0.94147 -1.8244 3.4733 -6.4198 11.259 -17.778 21.333
3.0877e-22 -1.5439e-21 5.8667e-21 -2.007e-20 6.5151e-20 -2.0533e-19 6.3576e-19 -1.9468e-18 5.9195e-18 -1.7916e-17 5.4066e-17 -1.6283e-16 4.8975e-16 -1.4718e-15 4.4204e-15 -1.3271e-14 3.9834e-14 -1.1954e-13 3.5871e-13 -1.0763e-12 3.2292e-12 -9.6883e-12 2.9066e-11 -8.7201e-11 2.6161e-10 -7.8484e-10 2.3545e-09 -7.0636e-09 2.1191e-08 -6.3573e-08 1.9072e-07 -5.7216e-07 1.7165e-06 -5.1494e-06 1.5448e-05 -4.6345e-05 0.00013903 -0.0004171 0.0012513 -0.0037539 0.011262 -0.033785 0.10136 -0.30407 0.91221 -1.7366 3.2099 -5.6296 8.8889 -10.667
-9.7971e-23 4.8986e-22 -1.8615e-21 6.3681e-21 -2.0672e-20 6.5151e-20 -2.0172e-19 6.1771e-19 -1.8782e-18 5.6848e-18 -1.7155e-17 5.1665e-17 -1.554e-16 4.6699e-16 -1.4026e-15 4.2109e-15 -1.2639e-14 3.793e-14 -1.1382e-13 3.415e-13 -1.0246e-12 3.074e-12 -9.2225e-12 2.7668e-11 -8.3007e-11 2.4902e-10 -7.4708e-10 2.2412e-09 -6.7237e-09 2.0171e-08 -6.0514e-08 1.8154e-07 -5.4463e-07 1.6339e-06 -4.9016e-06 1.4705e-05 -4.4115e-05 0.00013234 -0.00039703 0.0011911 -0.0035733 0.01072 -0.03216 0.096479 -0.28944 0.86831 -1.6049 2.8148 -4.4444 5.3333
3.0181e-23 -1.509e-22 5.7343e-22 -1.9617e-21 6.3681e-21 -2.007e-20 6.2142e-20 -1.9029e-19 5.7859e-19 -1.7512e-18 5.2846e-18 -1.5916e-17 4.7871e-17 -1.4386e-16 4.3207e-16 -1.2972e-15 3.8936e-15 -1.1685e-14 3.5062e-14 -1.052e-13 3.1564e-13 -9.4698e-13 2.8411e-12 -8.5234e-12 2.5571e-11 -7.6713e-11 2.3014e-10 -6.9043e-10 2.0713e-09 -6.2139e-09 1.8642e-08 -5.5925e-08 1.6778e-07 -5.0333e-07 1.51e-06 -4.53e-06 1.359e-05 -4.077e-05 0.00012231 -0.00036693 0.0011008 -0.0033023 0.009907 -0.029721 0.089163 -0.26749 0.80247 -1.4074 2.2222 -2.6667
-8.8221e-24 4.411e-23 -1.6762e-22 5.7343e-22 -1.8615e-21 5.8667e-21 -1.8165e-20 5.5623e-20 -1.6913e-19 5.119e-19 -1.5447e-18 4.6523e-18 -1.3993e-17 4.2051e-17 -1.263e-16 3.7918e-16 -1.1381e-15 3.4155e-15 -1.0249e-14 3.0751e-14 -9.2263e-14 2.7681e-13 -8.3046e-13 2.4915e-12 -7.4745e-12 2.2424e-11 -6.7272e-11 2.0182e-10 -6.0546e-10 1.8164e-09 -5.4491e-09 1.6347e-08 -4.9042e-08 1.4713e-07 -4.4138e-07 1.3241e-06 -3.9724e-06 1.1917e-05 -3.5752e-05 0.00010726 -0.00032177 0.0009653 -0.0028959 0.0086877 -0.026063 0.078189 -0.23457 0.7037 -1.1111 1.3333
2.3216e-24 -1.1608e-23 4.411e-23 -1.509e-22 4.8986e-22 -1.5439e-21 4.7802e-21 -1.4638e-20 4.4507e-20 -1.3471e-19 4.0651e-19 -1.2243e-18 3.6824e-18 -1.1066e-17 3.3236e-17 -9.9785e-17 2.9951e-16 -8.9882e-16 2.6971e-15 -8.0925e-15 2.428e-14 -7.2844e-14 2.1854e-13 -6.5565e-13 1.967e-12 -5.901e-12 1.7703e-11 -5.311e-11 1.5933e-10 -4.7799e-10 1.434e-09 -4.3019e-09 1.2906e-08 -3.8718e-08 1.1615e-07 -3.4846e-07 1.0454e-06 -3.1361e-06 9.4084e-06 -2.8225e-05 8.4675e-05 -0.00025403 0.00076208 -0.0022862 0.0068587 -0.020576 0.061728 -0.18519 0.55556 -0.66667
-4.6432e-25 2.3216e-24 -8.8221e-24 3.0181e-23 -9.7971e-23 3.0877e-22 -9.5603e-22 2.9275e-21 -8.9015e-21 2.6942e-20 -8.1302e-20 2.4486e-19 -7.3647e-19 2.2132e-18 -6.6472e-18 1.9957e-17 -5.9901e-17 1.7976e-16 -5.3942e-16 1.6185e-15 -4.856e-15 1.4569e-14 -4.3709e-14 1.3113e-13 -3.934e-13 1.1802e-12 -3.5406e-12 1.0622e-11 -3.1866e-11 9.5599e-11 -2.868e-10 8.6039e-10 -2.5812e-09 7.7435e-09 -2.3231e-08 6.9692e-08 -2.0908e-07 6.2723e-07 -1.8817e-06 5.645e-06 -1.6935e-05 5.0805e-05 -0.00015242 0.00045725 -0.0013717 0.0041152 -0.012346 0.037037 -0.11111 0.33333
