0.70558 0.72413 0.70938 0.71562 -0.73471 -0.74711 -0.76106 -0.77628 -0.79246 -0.80932 -0.82655 -0.84389 -0.86108 0.87787 -0.89403 0.90936 -0.92367 0.93681 0.94862 0.95897 -0.96776 0.70558 -0.70938 0.71562 -0.72413 -0.9749 -0.73471 0.98032 -0.74711 -0.98396 -0.76106 -0.98578 0.77628 0.98578 0.79246 -0.98396 -0.80932 0.98032 0.82655 -0.9749 0.84389 -0.96776 0.95897 0.86108 0.94862 0.87787 0.93681 -0.89403 -0.90936 0.92367
-0.57501 -0.57339 -0.57482 -0.57435 0.57166 0.56882 0.56453 0.55841 0.55013 0.53935 0.52578 0.5092 0.48943 -0.46635 0.43991 -0.41012 0.37709 -0.34095 -0.30191 -0.26023 0.21624 0.57501 -0.57482 0.57435 -0.57339 0.17029 -0.57166 -0.12278 -0.56882 0.074128 -0.56453 0.024787 0.55841 0.024787 0.55013 -0.074128 -0.53935 0.12278 0.52578 -0.17029 0.5092 -0.21624 0.26023 0.48943 0.30191 0.46635 0.34095 -0.43991 -0.41012 0.37709
0.351 0.33334 0.34755 0.3417 -0.32234 -0.30856 -0.2919 -0.27231 -0.24982 -0.22455 -0.1967 -0.1666 -0.13467 0.10143 -0.06745 0.033408 8.8001e-15 -0.03205 -0.062019 -0.08921 0.11298 0.351 -0.34755 0.3417 -0.33334 0.13274 -0.32234 -0.14801 -0.30856 0.15841 -0.2919 0.16367 0.27231 -0.16367 0.24982 0.15841 -0.22455 -0.14801 0.1967 0.13274 0.1666 0.11298 -0.08921 0.13467 -0.062019 0.10143 -0.03205 -0.06745 -0.033408 -2.5738e-15
-0.19022 -0.16839 -0.18582 -0.17852 0.15553 0.14012 0.12243 0.10282 0.081738 0.059752 0.037494 0.015661 -0.005024 0.023845 -0.040129 0.053287 -0.062848 0.068489 0.070056 0.067581 -0.061284 0.19022 -0.18582 0.17852 -0.16839 -0.051568 -0.15553 0.039 -0.14012 -0.024289 -0.12243 -0.0082465 0.10282 -0.0082465 0.081738 0.024289 -0.059752 -0.039 0.037494 0.051568 0.015661 0.061284 -0.067581 -0.005024 -0.070056 -0.023845 -0.068489 0.040129 0.053287 -0.062848
0.096516 0.077779 0.092646 0.086331 -0.067289 -0.055256 -0.042164 -0.028575 -0.015105 -0.0023953 0.0089328 0.018317 0.025301 -0.029571 0.030987 -0.029601 0.025658 -0.019584 -0.011959 -0.0034708 -0.0051356 0.096516 -0.092646 0.086331 -0.077779 -0.013115 -0.067289 0.019784 -0.055256 -0.024572 -0.042164 -0.027072 0.028575 0.027072 0.015105 -0.024572 -0.0023953 0.019784 -0.0089328 -0.013115 -0.018317 -0.0051356 -0.0034708 -0.025301 -0.011959 -0.029571 -0.019584 0.030987 0.029601 -0.025658
-0.046952 -0.033523 -0.044102 -0.039535 0.026434 0.018716 0.010871 0.0034192 -0.0031368 -0.0083623 -0.011931 -0.013663 -0.013544 0.011735 -0.008559 0.0044689 1.7707e-15 -0.0042871 -0.0078698 -0.010322 0.011362 0.046952 -0.044102 0.039535 -0.033523 0.010886 -0.026434 -0.0089778 -0.018716 0.0058992 -0.010871 0.0020551 0.0034192 0.0020551 -0.0031368 -0.0058992 0.0083623 0.0089778 -0.011931 -0.010886 -0.013663 -0.011362 0.010322 -0.013544 0.0078698 -0.011735 0.0042871 0.008559 0.0044689 -6.9279e-16
0.022178 0.013582 0.020295 0.017342 -0.0093532 -0.0050405 -0.001036 0.0023029 0.0046951 0.005972 0.0061009 0.0051913 0.0034812 -0.0013054 -0.00095304 0.002918 -0.0042763 0.0048243 0.0044978 0.0033794 -0.0016827 0.022178 -0.020295 0.017342 -0.013582 0.00028444 -0.0093532 -0.0021728 -0.0050405 0.0036508 -0.001036 0.0044603 -0.0023029 -0.0044603 -0.0046951 0.0036508 0.005972 -0.0021728 -0.0061009 0.00028444 -0.0051913 -0.0016827 0.0033794 -0.0034812 0.0044978 -0.0013054 0.0048243 -0.00095304 -0.002918 0.0042763
-0.010248 -0.0051673 -0.0090949 -0.0073294 0.0028717 0.00071826 -0.0010433 -0.0022265 -0.0027366 -0.0025862 -0.0018923 -0.00085525 0.00027858 -0.0012624 0.0018954 -0.0020608 0.0017458 -0.0010413 -0.00011985 0.00080321 -0.0015176 0.010248 -0.0090949 0.0073294 -0.0051673 -0.0018639 -0.0028717 0.0017684 -0.00071826 -0.0012582 0.0010433 -0.00045467 -0.0022265 -0.00045467 -0.0027366 0.0012582 0.0025862 -0.0017684 -0.0018923 0.0018639 -0.00085525 0.0015176 -0.00080321 0.00027858 0.00011985 0.0012624 0.0010413 -0.0018954 -0.0020608 0.0017458
0.0046556 0.001828 0.0039872 0.0029922 -0.00067553 0.00029323 0.00094655 0.0012178 0.0011172 0.00072815 0.00018693 -0.00034915 -0.00073855 0.00088816 -0.00077381 0.00044311 1.1281e-16 -0.0004251 -0.0007115 -0.0007812 0.00061955 0.0046556 -0.0039872 0.0029922 -0.001828 0.00027818 -0.00067553 0.00014066 0.00029323 -0.00051368 0.00094655 -0.00073195 -0.0012178 0.00073195 -0.0011172 -0.00051368 0.00072815 0.00014066 -0.00018693 0.00027818 0.00034915 0.00061955 -0.0007812 0.00073855 -0.0007115 0.00088816 -0.0004251 -0.00077381 -0.00044311 5.6476e-18
-0.002086 -0.00058629 -0.001715 -0.00118 4.6998e-05 -0.00034296 -0.00052823 -0.00050491 -0.00031946 -5.4224e-05 0.00019648 0.00035322 0.00037335 -0.00026142 6.4846e-05 0.00014363 -0.00029096 0.00032826 0.00024642 7.8123e-05 0.0001145 0.002086 -0.001715 0.00118 -0.00058629 0.00026207 -4.6998e-05 -0.00031236 0.00034296 0.00024841 0.00052823 9.4182e-05 -0.00050491 9.4182e-05 -0.00031946 -0.00024841 5.4224e-05 0.00031236 0.00019648 -0.00026207 0.00035322 -0.0001145 -7.8123e-05 0.00037335 -0.00024642 0.00026142 -0.00032826 -6.4846e-05 0.00014363 -0.00029096
0.00092405 0.00015957 0.00072517 0.00044833 7.6021e-05 0.00021225 0.00023406 0.00016025 3.5572e-05 -8.5222e-05 -0.00015614 -0.00015494 -8.912e-05 -9.1517e-06 9.7061e-05 -0.00013863 0.00011879 -4.8617e-05 4.0159e-05 0.000109 -0.00012884 0.00092405 -0.00072517 0.00044833 -0.00015957 -9.214e-05 7.6021e-05 1.5678e-05 0.00021225 6.6899e-05 0.00023406 0.00011962 -0.00016025 -0.00011962 -3.5572e-05 6.6899e-05 -8.5222e-05 1.5678e-05 0.00015614 -9.214e-05 0.00015494 -0.00012884 0.000109 8.912e-05 4.0159e-05 -9.1517e-06 -4.8617e-05 9.7061e-05 0.00013863 -0.00011879
-0.00040539 -2.864e-05 -0.00030177 -0.00016317 -6.6983e-05 -0.00010444 -8.5577e-05 -3.112e-05 2.855e-05 6.5831e-05 6.6576e-05 3.4621e-05 -1.1571e-05 4.8432e-05 -5.8567e-05 3.8584e-05 -9.8846e-17 -3.7015e-05 -5.385e-05 -4.2599e-05 9.7066e-06 0.00040539 -0.00030177 0.00016317 -2.864e-05 -2.7583e-05 6.6983e-05 5.0096e-05 0.00010444 -4.6441e-05 8.5577e-05 -1.8705e-05 -3.112e-05 -1.8705e-05 2.855e-05 4.6441e-05 -6.5831e-05 -5.0096e-05 6.6576e-05 2.7583e-05 3.4621e-05 -9.7066e-06 4.2599e-05 -1.1571e-05 5.385e-05 -4.8432e-05 3.7015e-05 5.8567e-05 3.8584e-05 3.0148e-16
0.00017636 -3.9172e-06 0.00012367 5.6236e-05 3.9447e-05 4.4139e-05 2.4468e-05 -4.3219e-06 -2.5748e-05 -2.9668e-05 -1.6327e-05 4.9334e-06 2.143e-05 -2.4203e-05 1.2641e-05 5.703e-06 -1.9798e-05 2.1574e-05 1.0445e-05 -6.6066e-06 1.9305e-05 0.00017636 -0.00012367 5.6236e-05 3.9172e-06 2.0175e-05 3.9447e-05 -8.8872e-06 4.4139e-05 -7.6511e-06 2.4468e-05 -1.9467e-05 4.3219e-06 1.9467e-05 2.5748e-05 -7.6511e-06 -2.9668e-05 -8.8872e-06 1.6327e-05 2.0175e-05 -4.9334e-06 1.9305e-05 -6.6066e-06 -2.143e-05 1.0445e-05 -2.4203e-05 2.1574e-05 1.2641e-05 -5.703e-06 1.9798e-05
-7.616e-05 7.8751e-06 -4.9913e-05 -1.794e-05 -1.9529e-05 -1.62e-05 -3.8863e-06 8.2956e-06 1.3116e-05 8.7993e-06 -7.102e-07 -8.7469e-06 -1.0252e-05 4.7854e-06 3.5412e-06 -9.0028e-06 8.0823e-06 -1.6826e-06 5.6508e-06 8.8927e-06 -5.9313e-06 7.616e-05 -4.9913e-05 1.794e-05 7.8751e-06 1.0731e-06 1.9529e-05 -7.2362e-06 1.62e-05 8.3166e-06 3.8863e-06 3.6069e-06 8.2956e-06 3.6069e-06 1.3116e-05 -8.3166e-06 -8.7993e-06 7.2362e-06 -7.102e-07 -1.0731e-06 -8.7469e-06 5.9313e-06 -8.8927e-06 -1.0252e-05 -5.6508e-06 -4.7854e-06 1.6826e-06 -3.5412e-06 -9.0028e-06 8.0823e-06
3.2673e-05 -5.5829e-06 1.9834e-05 5.0257e-06 8.6206e-06 4.9773e-06 -1.1952e-06 -5.247e-06 -4.8137e-06 -9.1945e-07 3.1729e-06 4.4556e-06 2.2556e-06 1.4917e-06 -3.8493e-06 3.1098e-06 1.7878e-17 -2.9833e-06 -3.5393e-06 -1.3121e-06 -1.8921e-06 3.2673e-05 -1.9834e-05 5.0257e-06 5.5829e-06 -3.5499e-06 8.6206e-06 2.3875e-06 4.9773e-06 6.4863e-07 -1.1952e-06 3.1538e-06 5.247e-06 -3.1538e-06 4.8137e-06 6.4863e-07 -9.1945e-07 2.3875e-06 -3.1729e-06 -3.5499e-06 -4.4556e-06 -1.8921e-06 -1.3121e-06 -2.2556e-06 -3.5393e-06 1.4917e-06 -2.9833e-06 -3.8493e-06 -3.1098e-06 -4.2672e-16
-1.3934e-05 3.1083e-06 -7.7527e-06 -1.0436e-06 -3.4526e-06 -1.0896e-06 1.5343e-06 2.3918e-06 1.1557e-06 -8.5381e-07 -1.9e-06 -1.2307e-06 4.2665e-07 -1.59e-06 1.3038e-06 9.7937e-08 -1.3471e-06 1.3662e-06 1.8461e-07 -1.1261e-06 1.4113e-06 1.3934e-05 -7.7527e-06 1.0436e-06 3.1083e-06 4.4122e-07 3.4526e-06 9.0702e-07 1.0896e-06 -1.435e-06 -1.5343e-06 -6.8046e-07 2.3918e-06 -6.8046e-07 1.1557e-06 1.435e-06 8.5381e-07 -9.0702e-07 -1.9e-06 -4.4122e-07 -1.2307e-06 -1.4113e-06 1.1261e-06 4.2665e-07 -1.8461e-07 1.59e-06 -1.3662e-06 -1.3038e-06 9.7937e-08 -1.3471e-06
5.9096e-06 -1.5307e-06 2.9764e-06 6.1231e-21 1.2496e-06 4.4935e-20 -9.3887e-07 -8.4604e-07 2.6199e-19 7.2224e-07 6.7979e-07 7.1261e-19 -6.1843e-07 5.9604e-07 -1.4677e-18 -5.6247e-07 5.4993e-07 1.0259e-17 5.3112e-07 5.2425e-07 -2.4495e-17 5.9096e-06 -2.9764e-06 6.1951e-17 1.5307e-06 5.1458e-07 1.2496e-06 -5.1151e-07 -5.848e-17 -4.7177e-17 -9.3887e-07 -5.0852e-07 8.4604e-07 5.0852e-07 8.5656e-17 -5.6214e-17 7.2224e-07 -5.1151e-07 -6.7979e-07 5.1458e-07 9.7229e-17 -8.4643e-17 5.2425e-07 6.1843e-07 5.3112e-07 5.9604e-07 8.1647e-17 -6.1011e-17 5.6247e-07 -5.4993e-07
-2.4938e-06 6.9405e-07 -1.1197e-06 1.7394e-07 -3.9685e-07 1.8159e-07 4.407e-07 2.0996e-07 -1.9262e-07 -3.3901e-07 -1.1576e-07 2.0512e-07 2.804e-07 -5.1629e-08 -2.173e-07 2.3735e-07 1.7801e-18 -2.277e-07 -1.998e-07 4.5411e-08 -2.3522e-07 2.4938e-06 -1.1197e-06 -1.7394e-07 6.9405e-07 -1.6342e-07 3.9685e-07 -8.7106e-08 -1.8159e-07 2.3916e-07 -4.407e-07 1.262e-07 2.0996e-07 1.262e-07 -1.9262e-07 -2.3916e-07 3.3901e-07 8.7106e-08 -1.1576e-07 1.6342e-07 2.0512e-07 2.3522e-07 -4.5411e-08 2.804e-07 1.998e-07 5.1629e-08 2.277e-07 2.173e-07 2.3735e-07 -4.1902e-16
1.0474e-06 -2.9445e-07 4.1123e-07 -1.396e-07 1.0051e-07 -1.3826e-07 -1.7041e-07 -1.0023e-08 1.3371e-07 1.0555e-07 -3.966e-08 -1.2377e-07 -5.6306e-08 -7.1913e-08 1.0692e-07 -1.3302e-08 -9.1655e-08 8.287e-08 -2.4932e-08 -9.9699e-08 5.256e-08 1.0474e-06 -4.1123e-07 -1.396e-07 2.9445e-07 -5.7218e-08 1.0051e-07 9.6162e-08 -1.3826e-07 -1.8018e-08 -1.7041e-07 8.158e-08 1.0023e-08 -8.158e-08 -1.3371e-07 -1.8018e-08 1.0555e-07 9.6162e-08 3.966e-08 -5.7218e-08 1.2377e-07 5.256e-08 -9.9699e-08 5.6306e-08 -2.4932e-08 -7.1913e-08 8.287e-08 1.0692e-07 1.3302e-08 9.1655e-08
-4.3791e-07 1.1748e-07 -1.466e-07 8.3054e-08 -1.2065e-08 7.4998e-08 5.2957e-08 -2.7782e-08 -6.0722e-08 -1.3841e-08 4.4522e-08 4.0495e-08 -1.473e-08 4.6807e-08 -1.6395e-08 -3.3559e-08 3.7418e-08 7.79e-09 4.1235e-08 1.9486e-08 2.746e-08 4.3791e-07 -1.466e-07 -8.3054e-08 1.1748e-07 3.7232e-08 1.2065e-08 2.474e-09 -7.4998e-08 -3.8503e-08 -5.2957e-08 -2.3084e-08 -2.7782e-08 -2.3084e-08 -6.0722e-08 3.8503e-08 1.3841e-08 -2.474e-09 4.4522e-08 -3.7232e-08 4.0495e-08 -2.746e-08 -1.9486e-08 -1.473e-08 -4.1235e-08 -4.6807e-08 -7.79e-09 1.6395e-08 -3.3559e-08 3.7418e-08
1.8231e-07 -4.3951e-08 5.0257e-08 -4.3392e-08 -7.3649e-09 -3.4058e-08 -1.0879e-08 2.1656e-08 1.9867e-08 -8.3685e-09 -2.1711e-08 -3.8066e-09 1.7757e-08 -1.288e-08 -9.7537e-09 1.7352e-08 -8.5353e-18 -1.6647e-08 -8.9682e-09 1.1329e-08 -1.4896e-08 1.8231e-07 -5.0257e-08 -4.3392e-08 4.3951e-08 3.0328e-09 -7.3649e-09 -1.6337e-08 -3.4058e-08 5.9036e-09 -1.0879e-08 -1.3016e-08 -2.1656e-08 1.3016e-08 -1.9867e-08 5.9036e-09 -8.3685e-09 -1.6337e-08 2.1711e-08 3.0328e-09 3.8066e-09 -1.4896e-08 1.1329e-08 -1.7757e-08 -8.9682e-09 -1.288e-08 -1.6647e-08 -9.7537e-09 -1.7352e-08 2.7692e-16
-7.5592e-08 1.5222e-08 -1.629e-08 2.0984e-08 7.7413e-09 1.3431e-08 -7.5684e-10 -1.0947e-08 -3.6715e-09 7.8837e-09 6.3906e-09 -4.4522e-09 -7.6378e-09 -9.5913e-10 7.5317e-09 -2.2328e-09 -6.2364e-09 4.7602e-09 -4.0183e-09 -6.3219e-09 -1.2483e-09 7.5592e-08 -1.629e-08 -2.0984e-08 1.5222e-08 -6.735e-09 -7.7413e-09 1.6337e-09 -1.3431e-08 5.9724e-09 7.5684e-10 4.1746e-09 -1.0947e-08 4.1746e-09 -3.6715e-09 -5.9724e-09 -7.8837e-09 -1.6337e-09 6.3906e-09 6.735e-09 -4.4522e-09 1.2483e-09 6.3219e-09 -7.6378e-09 4.0183e-09 9.5913e-10 -4.7602e-09 -7.5317e-09 -2.2328e-09 -6.2364e-09
3.1218e-08 -4.728e-09 4.8236e-09 -9.6093e-09 -4.7958e-09 -4.5492e-09 2.3745e-09 4.2657e-09 -7.6243e-10 -3.8591e-09 -4.4658e-10 3.3209e-09 1.3818e-09 2.6561e-09 -2.0804e-09 -1.8851e-09 2.546e-09 1.042e-09 2.7736e-09 -1.7253e-10 2.7615e-09 3.1218e-08 -4.8236e-09 -9.6093e-09 4.728e-09 6.7097e-10 -4.7958e-09 2.5182e-09 -4.5492e-09 -1.4339e-09 2.3745e-09 2.0644e-09 -4.2657e-09 -2.0644e-09 7.6243e-10 -1.4339e-09 -3.8591e-09 2.5182e-09 4.4658e-10 6.7097e-10 -3.3209e-09 2.7615e-09 -1.7253e-10 -1.3818e-09 2.7736e-09 2.6561e-09 1.042e-09 -2.0804e-09 1.8851e-09 -2.546e-09
-1.2842e-08 1.2068e-09 -1.1936e-09 4.2151e-09 2.4413e-09 1.2252e-09 -1.6352e-09 -1.2439e-09 1.1412e-09 1.2579e-09 -7.8101e-10 -1.2618e-09 4.8756e-10 -1.2512e-09 -2.3165e-10 1.2223e-09 3.9264e-18 -1.1726e-09 -2.1299e-10 1.1005e-09 -4.0901e-10 1.2842e-08 -1.1936e-09 -4.2151e-09 1.2068e-09 1.0053e-09 -2.4413e-09 -5.8768e-10 -1.2252e-09 -8.8737e-10 1.6352e-09 -7.4767e-10 -1.2439e-09 -7.4767e-10 1.1412e-09 8.8737e-10 -1.2579e-09 5.8768e-10 -7.8101e-10 -1.0053e-09 -1.2618e-09 4.0901e-10 -1.1005e-09 4.8756e-10 2.1299e-10 1.2512e-09 1.1726e-09 2.3165e-10 1.2223e-09 -1.2338e-16
5.2628e-09 -1.676e-10 1.6325e-10 -1.7815e-09 -1.1002e-09 -1.7458e-10 8.1714e-10 1.8386e-10 -6.6515e-10 -1.9508e-10 5.7125e-10 2.0788e-10 -5.0743e-10 2.2196e-10 4.6071e-10 -2.3709e-10 -4.2433e-10 2.5309e-10 -3.9448e-10 -2.6988e-10 -3.6887e-10 5.2628e-09 -1.6325e-10 -1.7815e-09 1.676e-10 -2.8743e-10 -1.1002e-09 -3.4609e-10 -1.7458e-10 3.0583e-10 8.1714e-10 -3.2527e-10 -1.8386e-10 3.2527e-10 6.6515e-10 3.0583e-10 -1.9508e-10 -3.4609e-10 -5.7125e-10 -2.8743e-10 -2.0788e-10 -3.6887e-10 -2.6988e-10 5.0743e-10 -3.9447e-10 2.2196e-10 2.5309e-10 4.6071e-10 2.3709e-10 4.2433e-10
-2.1485e-09 -6.8423e-11 6.6648e-11 7.2729e-10 4.4915e-10 -7.1272e-11 -3.336e-10 7.5062e-11 2.7155e-10 -7.964e-11 -2.3321e-10 8.4866e-11 2.0716e-10 9.0615e-11 -1.8808e-10 -9.679e-11 1.7323e-10 1.0332e-10 1.6104e-10 -1.1018e-10 1.5059e-10 2.1485e-09 6.6648e-11 -7.2729e-10 -6.8422e-11 -1.1734e-10 -4.4915e-10 1.4129e-10 7.1273e-11 1.2485e-10 3.336e-10 1.3279e-10 7.5061e-11 1.3279e-10 2.7155e-10 -1.2485e-10 7.964e-11 -1.4129e-10 -2.3321e-10 1.1734e-10 8.4865e-11 -1.5059e-10 1.1018e-10 2.0716e-10 -1.6104e-10 -9.0615e-11 -1.0332e-10 1.8808e-10 -9.679e-11 1.7323e-10
8.7381e-10 8.2113e-11 -8.1214e-11 -2.868e-10 -1.6611e-10 8.3361e-11 1.1126e-10 -8.4639e-11 -7.7649e-11 8.5587e-11 5.3141e-11 -8.5854e-11 -3.3174e-11 -8.513e-11 1.5762e-11 8.3167e-11 -3.8415e-19 -7.9786e-11 1.4492e-11 7.4878e-11 2.7829e-11 8.7381e-10 8.1214e-11 -2.868e-10 -8.2113e-11 6.8402e-11 -1.6611e-10 3.9986e-11 8.3361e-11 -6.0378e-11 1.1126e-10 5.0873e-11 8.4639e-11 -5.0873e-11 7.7649e-11 -6.0378e-11 8.5587e-11 3.9986e-11 -5.3141e-11 6.8402e-11 8.5854e-11 2.7829e-11 7.4878e-11 3.3174e-11 1.4492e-11 -8.513e-11 -7.9786e-11 1.5762e-11 -8.3167e-11 4.7351e-19
-3.5402e-10 -5.3616e-11 5.47e-11 1.0897e-10 5.4385e-11 -5.1589e-11 -2.6927e-11 4.8374e-11 8.6461e-12 -4.3764e-11 5.0644e-12 3.766e-11 -1.567e-11 3.0121e-11 2.3592e-11 -2.1377e-11 -2.8872e-11 1.1817e-11 -3.1453e-11 -1.9565e-12 -3.1316e-11 3.5402e-10 5.47e-11 -1.0897e-10 -5.3616e-11 7.609e-12 -5.4385e-11 -2.8557e-11 5.1589e-11 -1.626e-11 2.6927e-11 -2.3411e-11 4.8374e-11 -2.3411e-11 8.6461e-12 1.626e-11 4.3764e-11 2.8557e-11 5.0643e-12 -7.609e-12 3.766e-11 3.1316e-11 1.9565e-12 -1.567e-11 3.1453e-11 -3.0121e-11 -1.1817e-11 -2.3592e-11 -2.1377e-11 -2.8872e-11
1.4287e-10 2.877e-11 -3.0788e-11 -3.966e-11 -1.4631e-11 2.5384e-11 1.4305e-12 -2.0691e-11 6.9393e-12 1.4901e-11 -1.2078e-11 -8.4149e-12 1.4436e-11 -1.8128e-12 -1.4235e-11 -4.2201e-12 1.1787e-11 8.9969e-12 7.5948e-12 -1.1949e-11 2.3593e-12 1.4287e-10 3.0788e-11 -3.966e-11 -2.877e-11 -1.2729e-11 -1.4631e-11 -3.0878e-12 2.5384e-11 1.1288e-11 1.4304e-12 -7.8902e-12 2.0691e-11 7.8902e-12 -6.9392e-12 1.1288e-11 1.49e-11 -3.0878e-12 1.2078e-11 -1.2729e-11 8.415e-12 2.3592e-12 -1.1949e-11 -1.4436e-11 7.5949e-12 -1.8127e-12 8.997e-12 -1.4235e-11 4.22e-12 -1.1787e-11
-5.743e-11 -1.3845e-11 1.5831e-11 1.3669e-11 2.32e-12 -1.0728e-11 3.4268e-12 6.8217e-12 -6.2583e-12 -2.6361e-12 6.8392e-12 -1.1991e-12 -5.5935e-12 -4.0572e-12 3.0725e-12 5.4661e-12 1.8464e-19 -5.2439e-12 2.825e-12 3.5686e-12 4.6922e-12 5.7431e-11 1.5831e-11 -1.3668e-11 -1.3845e-11 9.5536e-13 -2.3203e-12 5.1462e-12 1.0728e-11 1.8597e-12 -3.427e-12 4.1002e-12 6.8219e-12 4.1002e-12 -6.2581e-12 -1.8597e-12 2.6359e-12 -5.1462e-12 6.8394e-12 -9.5536e-13 -1.199e-12 -4.6923e-12 -3.5685e-12 -5.5933e-12 -2.825e-12 4.0573e-12 5.2439e-12 -3.0726e-12 5.4661e-12 5.3379e-17
2.2991e-11 6.1679e-12 -7.6969e-12 -4.3604e-12 6.3342e-13 3.9375e-12 -2.7803e-12 -1.4586e-12 3.188e-12 -7.2666e-13 -2.3375e-12 2.126e-12 7.7333e-13 2.4574e-12 8.6073e-13 -1.7619e-12 -1.9645e-12 4.0898e-13 -2.1649e-12 1.0231e-12 -1.4417e-12 2.2991e-11 7.6969e-12 -4.3605e-12 -6.1678e-12 1.9547e-12 6.3351e-13 -1.2989e-13 3.9376e-12 -2.0214e-12 -2.7802e-12 1.2119e-12 1.4585e-12 -1.2119e-12 -3.188e-12 -2.0214e-12 -7.2656e-13 -1.299e-13 2.3374e-12 1.9547e-12 -2.1261e-12 -1.4416e-12 1.023e-12 -7.7342e-13 -2.1649e-12 2.4573e-12 4.0894e-13 8.6082e-13 1.762e-12 1.9644e-12
-9.1645e-12 -2.5765e-12 3.5983e-12 1.2215e-12 -8.7952e-13 -1.2098e-12 1.4912e-12 -8.7707e-14 -1.17e-12 9.2361e-13 3.4703e-13 -1.083e-12 4.9269e-13 -6.2925e-13 -9.356e-13 -1.164e-13 8.02e-13 7.2513e-13 2.1816e-13 -8.7238e-13 -4.5991e-13 9.1645e-12 3.5983e-12 -1.2215e-12 -2.5765e-12 -5.0066e-13 8.7948e-13 -8.4143e-13 1.2097e-12 -1.5766e-13 -1.4912e-12 -7.1385e-13 -8.7652e-14 -7.1384e-13 -1.17e-12 1.5765e-13 -9.2369e-13 8.4145e-13 3.4712e-13 5.0064e-13 -1.0829e-12 4.5988e-13 8.7242e-13 4.9278e-13 -2.1811e-13 6.2933e-13 -7.2507e-13 9.3551e-13 -1.1647e-13 8.0206e-13
3.6368e-12 1.0122e-12 -1.6329e-12 -2.5367e-13 5.7876e-13 2.6483e-13 -6.427e-13 3.0619e-13 2.809e-13 -4.9441e-13 1.6882e-13 2.9914e-13 -4.0893e-13 -7.5294e-14 3.1691e-13 3.4615e-13 -3.8489e-20 -3.3207e-13 2.9139e-13 6.6226e-14 3.4304e-13 3.6368e-12 1.6329e-12 -2.5365e-13 -1.0122e-12 -2.3833e-13 5.7876e-13 1.2703e-13 2.6482e-13 3.4878e-13 -6.4269e-13 -1.8404e-13 -3.062e-13 1.8404e-13 -2.8091e-13 3.4879e-13 -4.9439e-13 1.2703e-13 -1.6885e-13 -2.3832e-13 -2.9915e-13 3.4305e-13 6.6212e-14 4.0891e-13 2.9137e-13 -7.5315e-14 -3.3209e-13 3.1694e-13 -3.4613e-13 -1.2611e-17
-1.4364e-12 -3.7206e-13 7.2344e-13 1.9291e-26 -3.0373e-13 4.1038e-25 2.282e-13 -2.0564e-13 7.6052e-24 1.7555e-13 -1.6523e-13 3.4017e-22 1.5032e-13 1.4487e-13 7.8886e-21 -1.3671e-13 -1.3367e-13 -7.6433e-20 -1.291e-13 1.2743e-13 1.9601e-19 1.4364e-12 7.2339e-13 5.3383e-17 -3.7212e-13 1.2507e-13 3.0366e-13 1.2433e-13 -6.2198e-17 -6.87e-19 -2.2827e-13 1.236e-13 -2.0557e-13 1.236e-13 6.9211e-17 -5.2874e-18 -1.7561e-13 -1.2432e-13 -1.6517e-13 -1.2509e-13 5.4948e-17 -1.4015e-17 -1.274e-13 1.5037e-13 1.2912e-13 -1.4482e-13 3.1268e-17 -5.1954e-17 -1.3675e-13 -1.3363e-13
5.6445e-13 1.2592e-13 -3.1406e-13 4.2278e-14 1.3986e-13 -4.4138e-14 -6.2154e-14 9.6893e-14 -4.6817e-14 -3.4588e-14 7.6969e-14 -4.9856e-14 -1.7284e-14 -6.4412e-14 -5.2818e-14 3.9674e-15 5.4569e-14 5.5345e-14 -7.4785e-15 -4.5617e-14 -5.7174e-14 5.6438e-13 3.1413e-13 4.221e-14 -1.2585e-13 1.7874e-14 1.3994e-13 -3.6744e-14 -4.4078e-14 -5.813e-14 -6.2101e-14 2.7567e-14 -9.6948e-14 -2.7568e-14 4.6758e-14 -5.8126e-14 -3.4543e-14 -3.6749e-14 -7.7006e-14 1.7882e-14 4.9823e-14 -5.7165e-14 -4.5629e-14 1.7253e-14 -7.4932e-15 -6.4442e-14 5.5327e-14 -5.2789e-14 -3.9431e-15 -5.4588e-14
-2.206e-13 -3.7694e-14 1.3391e-13 -3.3932e-14 -5.8204e-14 3.3605e-14 8.0698e-15 -3.5426e-14 3.2501e-14 -6.2078e-15 -2.1423e-14 3.0083e-14 -1.5229e-14 1.0072e-14 2.5989e-14 2.0996e-14 9.3127e-21 -2.0143e-14 2.3896e-14 -8.8588e-15 1.2775e-14 2.2076e-13 1.3376e-13 3.407e-14 -3.7835e-14 -2.3968e-14 5.8061e-14 -1.6119e-14 -3.3737e-14 4.3784e-15 -8.1872e-15 -2.1295e-14 -3.5302e-14 -2.129e-14 3.2619e-14 -4.3843e-15 6.1064e-15 1.6126e-14 -2.1335e-14 2.3958e-14 3.0159e-14 -1.2788e-14 8.8779e-15 -1.5158e-14 -2.3873e-14 -1.0009e-14 2.0173e-14 -2.6043e-14 2.0952e-14 3.5947e-17
8.5702e-14 8.8617e-15 -5.6166e-14 2.0187e-14 2.1976e-14 -1.8229e-14 4.3732e-15 9.3348e-15 -1.4759e-14 9.9017e-15 7.9917e-16 -9.8427e-15 1.1537e-14 5.3849e-15 -3.9849e-15 -1.0131e-14 -9.0949e-15 -1.8934e-15 -6.3587e-15 1.0007e-14 6.6745e-15 8.5505e-14 5.6358e-14 2.0004e-14 -8.6761e-15 1.2078e-15 2.2159e-14 8.1424e-15 -1.8057e-14 9.3594e-15 4.525e-15 -4.0572e-15 -9.4935e-15 4.0561e-15 1.4615e-14 9.3629e-15 1.0028e-14 8.1365e-15 -9.0708e-16 1.2169e-15 9.7474e-15 6.6874e-15 9.9879e-15 -1.1624e-14 -6.3832e-15 5.3145e-15 -1.9264e-15 -3.9251e-15 1.0181e-14 9.0551e-15
-3.3076e-14 -7.3466e-16 2.3193e-14 -1.0547e-14 -7.3982e-15 8.2781e-15 -4.5888e-15 -8.1056e-16 4.8289e-15 -5.5641e-15 3.0621e-15 9.2524e-16 -4.0191e-15 -4.5392e-15 -2.3707e-15 1.0696e-15 3.713e-15 4.0462e-15 -1.959e-15 -1.239e-15 -3.6206e-15 3.3172e-14 2.3097e-14 1.0638e-14 -8.2621e-16 3.7836e-15 7.3039e-15 1.6671e-15 -8.3707e-15 -1.4356e-15 4.5082e-15 3.6497e-15 -7.2867e-16 3.653e-15 4.9124e-15 1.4315e-15 5.4943e-15 -1.6617e-15 3.1223e-15 -3.7912e-15 9.8541e-16 3.6108e-15 1.2528e-15 -3.9647e-15 1.9767e-15 4.5844e-15 -4.0225e-15 2.3302e-15 1.0351e-15 3.7411e-15
1.2672e-14 -8.9522e-16 -9.4328e-15 5.1003e-15 2.0937e-15 -3.2644e-15 2.6749e-15 -9.7274e-16 -8.924e-16 2.0577e-15 -2.081e-15 1.0822e-15 3.6168e-16 1.5139e-15 1.8307e-15 1.2061e-15 -1.5625e-21 -1.157e-15 1.6832e-15 -1.3316e-15 -3.0339e-16 1.2643e-14 9.4654e-15 5.0692e-15 9.3278e-16 -8.6214e-16 2.1324e-15 -1.566e-15 -3.2179e-15 -1.4514e-15 2.7133e-15 5.8508e-16 9.2887e-16 -5.8546e-16 8.4716e-16 -1.4502e-15 2.0982e-15 -1.568e-15 2.0457e-15 -8.5843e-16 -1.1201e-15 -2.9839e-16 -1.339e-15 -3.9514e-16 1.6726e-15 1.4853e-15 -1.1711e-15 1.8579e-15 -1.1844e-15 -1.88e-17
-4.814e-15 8.3131e-16 3.7779e-15 -2.3357e-15 -3.9604e-16 1.1057e-15 -1.2194e-15 8.3483e-16 -1.8532e-16 -4.4398e-16 8.1343e-16 -8.0718e-16 4.6428e-16 -4.7677e-17 -5.0565e-16 -7.222e-16 -6.1883e-16 -2.5328e-16 -2.0921e-16 5.6786e-16 6.7119e-16 4.8296e-15 3.7638e-15 2.3517e-15 8.1089e-16 -4.8008e-16 3.7462e-16 -8.1557e-17 -1.1354e-15 3.4829e-16 1.195e-15 -6.236e-16 8.6301e-16 -6.2251e-16 -1.5214e-16 -3.4968e-16 4.1397e-16 8.3526e-17 8.3788e-16 4.7718e-16 -7.7822e-16 -6.7529e-16 -5.6188e-16 4.9111e-16 2.1771e-16 7.1387e-17 2.6539e-16 4.8358e-16 -7.4051e-16 -6.0473e-16
1.8112e-15 -5.0906e-16 -1.4891e-15 1.0245e-15 -4.0807e-17 -2.9779e-16 4.5864e-16 -4.384e-16 2.7738e-16 -4.7081e-17 -1.706e-16 3.0669e-16 -3.2417e-16 -2.2699e-16 -5.6304e-17 1.2471e-16 2.5263e-16 2.8502e-16 -2.1396e-16 6.7831e-17 -9.9408e-17 1.8547e-15 1.4436e-15 1.0681e-15 4.7162e-16 2.2757e-16 -7.7296e-17 2.7116e-16 -3.2185e-16 2.158e-16 4.3385e-16 -8.1546e-17 4.6041e-16 8.1357e-17 -2.6267e-16 2.1641e-16 -5.9579e-17 2.7013e-16 1.8026e-16 2.2916e-16 -3.0484e-16 -9.7197e-17 6.4723e-17 3.2289e-16 -2.1787e-16 -2.2904e-16 2.7947e-16 -5.1423e-17 -1.2004e-16 -2.5757e-16
-6.7372e-16 2.6454e-16 5.7699e-16 -4.3301e-16 9.7757e-17 4.2434e-17 -1.3698e-16 1.7622e-16 -1.6167e-16 1.0537e-16 -2.7051e-17 -5.0527e-17 1.0688e-16 1.2853e-16 1.1198e-16 6.4124e-17 1.4056e-22 -6.1517e-17 1.0296e-16 -1.1305e-16 -8.9653e-17 6.7898e-16 5.701e-16 4.4004e-16 2.5154e-16 4.0263e-17 -1.1218e-16 -2.0368e-17 -5.9403e-17 -7.4309e-17 1.2029e-16 1.0595e-16 1.9325e-16 1.059e-16 -1.4354e-16 7.4266e-17 -1.2259e-16 2.0537e-17 -1.2311e-17 -4.0805e-17 -3.3084e-17 8.8635e-17 1.1485e-16 1.224e-16 -9.9659e-17 -1.1666e-16 6.6913e-17 -1.2413e-16 5.5346e-17 6.7786e-18
2.4718e-16 -1.2463e-16 -2.1936e-16 1.7678e-16 -6.9261e-17 1.7324e-17 2.5163e-17 -5.3699e-17 6.6002e-17 -6.2375e-17 4.5641e-17 -2.0627e-17 -6.719e-18 -3.0446e-17 -4.5716e-17 -4.9704e-17 -4.2106e-17 -2.5114e-17 2.8905e-18 1.9372e-17 3.6604e-17 2.4893e-16 2.1995e-16 1.7368e-16 1.2967e-16 -4.495e-17 -6.3778e-17 -4.2665e-17 2.5858e-17 -3.0319e-17 3.2672e-17 1.1033e-17 4.555e-17 -1.1103e-17 -7.6435e-17 -3.0064e-17 -5.2248e-17 -4.3143e-17 -5.4271e-17 -4.4086e-17 9.7178e-18 3.7965e-17 1.7275e-17 -4.0261e-18 -3.4859e-19 -3.9216e-17 -2.9735e-17 -3.6908e-17 5.6397e-17 3.6268e-17
-8.915e-17 5.4596e-17 8.1581e-17 -6.9711e-17 3.7598e-17 -2.0262e-17 4.1643e-18 9.2572e-18 -1.8873e-17 2.4006e-17 -2.4524e-17 2.0868e-17 -1.3994e-17 -5.2473e-18 3.831e-18 1.173e-17 1.719e-17 1.9393e-17 -1.808e-17 1.3585e-17 6.7633e-18 9.3384e-17 7.4596e-17 7.7444e-17 4.529e-17 1.1403e-18 -4.7905e-17 8.7418e-18 9.6034e-18 1.4656e-17 -1.5037e-17 -1.7978e-17 1.9538e-17 -1.7824e-17 -7.9108e-18 -1.4891e-17 -3.5229e-17 -8.3389e-18 -1.48e-17 -1.8638e-18 3.1849e-17 -7.9226e-18 -1.1769e-17 -3.6669e-18 2.083e-17 1.38e-17 -1.5395e-17 -1.2032e-17 5.4319e-18 2.2313e-17
3.1456e-17 -2.2459e-17 -2.9546e-17 2.6487e-17 -1.771e-17 1.2539e-17 -7.2828e-18 2.2907e-18 2.1015e-18 -5.6024e-18 7.9936e-18 -9.1536e-18 9.0738e-18 7.8619e-18 5.7342e-18 2.994e-18 -5.6405e-24 -2.8722e-18 5.2725e-18 -6.915e-18 -7.6118e-18 3.4171e-17 2.7315e-17 2.7367e-17 2.2633e-17 7.2931e-18 -1.7717e-17 6.0139e-18 1.4068e-17 3.956e-18 -5.9569e-18 -1.3657e-18 -3.8097e-18 1.3472e-18 -4.6571e-18 4.0181e-18 -3.0748e-18 5.8827e-18 -1.025e-17 7.5359e-18 6.0949e-18 -7.2069e-18 -7.5556e-18 -1.2291e-17 4.2734e-18 5.1184e-18 -4.2596e-18 8.4021e-18 -9.3882e-19 -1.8032e-18
-1.0777e-17 8.6848e-18 1.0345e-17 -9.6397e-18 7.5135e-18 -6.1699e-18 4.7081e-18 -3.1907e-18 1.6867e-18 -2.6746e-19 -9.9745e-19 2.0453e-18 -2.8252e-18 -3.3019e-18 -3.46e-18 -3.3052e-18 -2.8649e-18 -2.1868e-18 1.3354e-18 -3.8748e-19 5.7324e-19 4.9659e-18 1.5801e-17 4.8392e-18 1.2714e-17 -1.4651e-18 -3.7579e-18 -2.2074e-18 9.2972e-18 -2.7477e-18 -1.8829e-18 3.0135e-18 -5.7916e-18 3.0425e-18 -2.0505e-19 2.7056e-18 1.6411e-18 2.2783e-18 -2.1024e-18 1.3452e-18 1.8643e-18 -7.5598e-19 6.4558e-19 -2.6918e-18 -9.5793e-19 3.5596e-18 2.7074e-18 2.8648e-18 -3.7732e-18 -2.32e-18
3.5399e-18 -3.1337e-18 -3.4581e-18 3.3223e-18 -2.8944e-18 2.6077e-18 -2.2784e-18 1.9134e-18 -1.5211e-18 1.112e-18 -6.9777e-19 2.9146e-19 9.3497e-20 4.4375e-19 7.468e-19 9.9167e-19 1.1696e-18 1.2746e-18 -1.3037e-18 1.2577e-18 1.1405e-18 8.9318e-18 -1.4568e-18 7.8947e-18 -9.8187e-19 -9.5963e-19 -6.836e-18 -7.259e-19 -8.5249e-19 -4.5177e-19 -5.2077e-18 1.5432e-19 8.2259e-19 -1.554e-19 3.6104e-18 -4.479e-19 -7.2892e-19 -7.3319e-19 2.1201e-18 -9.4705e-19 7.0968e-19 1.1601e-18 1.2316e-18 4.9476e-19 -1.3369e-18 8.385e-19 1.2263e-18 6.048e-19 -1.0896e-18 -1.1702e-18
-1.0887e-18 1.0339e-18 1.078e-18 -1.0598e-18 9.9979e-19 -9.5705e-19 9.0537e-19 -8.4462e-19 7.7486e-19 -6.9647e-19 6.101e-19 -5.1675e-19 4.1772e-19 3.1459e-19 2.0921e-19 1.0362e-19 2.5684e-26 -9.9407e-20 1.9237e-19 -2.7668e-19 -3.5046e-19 8.876e-19 1.1831e-18 1.0457e-18 9.4019e-19 4.1157e-19 -1.1358e-18 4.5939e-19 8.0135e-19 4.9059e-19 -1.0958e-18 -5.094e-19 -6.3982e-19 -5.0396e-19 1.0633e-18 -4.9882e-19 4.2031e-19 -4.4513e-19 8.4943e-19 -4.3686e-19 -1.9401e-19 3.1038e-19 3.4006e-19 7.442e-19 -9.5479e-20 -2.6823e-20 2.3914e-19 -4.9012e-19 -1.0763e-19 1.7353e-19
2.9725e-19 -2.9641e-19 -2.9715e-19 2.9691e-19 -2.9552e-19 2.9405e-19 -2.9183e-19 2.8867e-19 -2.8439e-19 2.7881e-19 -2.718e-19 2.6323e-19 -2.5301e-19 -2.4108e-19 -2.2741e-19 -2.1201e-19 -1.9493e-19 -1.7625e-19 1.5607e-19 -1.3453e-19 -1.1178e-19 7.5144e-19 -1.8008e-19 7.3151e-19 -8.1232e-20 8.8054e-20 -6.3612e-19 6.3413e-20 2.0313e-20 3.8465e-20 -5.2341e-19 -1.2465e-20 -7.1241e-20 1.2039e-20 4.198e-19 3.9883e-20 1.7147e-19 6.0649e-20 3.5183e-19 9.342e-20 -2.3945e-19 -1.0317e-19 -1.4736e-19 2.4936e-19 1.3734e-19 -2.6151e-19 -2.0286e-19 -1.9302e-19 2.3845e-19 1.6737e-19
-6.0791e-20 6.2389e-20 6.1119e-20 -6.1656e-20 6.3301e-20 -6.4369e-20 6.5572e-20 -6.6883e-20 6.8277e-20 -6.9729e-20 7.1214e-20 -7.2708e-20 7.4189e-20 7.5635e-20 7.7027e-20 7.8348e-20 7.9582e-20 8.0713e-20 -8.1731e-20 8.2623e-20 8.338e-20 6.796e-21 1.029e-19 2.3269e-20 9.2938e-20 -8.3997e-20 -3.5014e-20 -8.4455e-20 8.9458e-20 -8.4793e-20 -4.047e-20 8.4883e-20 -9.0265e-20 8.5051e-20 5.5467e-20 8.4535e-20 8.2613e-20 8.4888e-20 6.3236e-20 8.3183e-20 -7.3959e-20 -8.4669e-20 -8.0621e-20 7.6436e-20 8.473e-20 -7.1685e-20 -7.6355e-20 -8.3105e-20 7.413e-20 8.4359e-20
